100 0 200 200 0 200 200 0 200 200 0 200 200 0 200 200 0 200 200
100 72 200 200 0 200 200 0 200 200 0 200 200 0 200 200 0 200 200
100 72 200 200 72 200 200 0 200 200 0 200 200 0 200 200 0 200 200
100 72 200 200 72 200 200 72 200 200 0 200 200 0 200 200 0 200 200
100 72 200 200 72 200 200 72 200 200 72 200 200 0 200 200 0 200 200
100 72 200 200 72 200 200 72 200 200 72 200 200 72 200 200 0 200 200
100 72 200 200 72 200 200 72 200 200 72 200 200 72 200 200 72 200 200
100 144 200 200 72 200 200 72 200 200 72 200 200 72 200 200 72 200 200
100 144 200 200 144 200 200 72 200 200 72 200 200 72 200 200 72 200 200
100 144 200 200 144 200 200 144 200 200 72 200 200 72 200 200 72 200 200
100 144 200 200 144 200 200 144 200 200 144 200 200 72 200 200 72 200 200
100 144 200 200 144 200 200 144 200 200 144 200 200 144 200 200 72 200 200
100 144 200 200 144 200 200 144 200 200 144 200 200 144 200 200 144 200 200
100 216 200 200 144 200 200 144 200 200 144 200 200 144 200 200 144 200 200
100 216 200 200 216 200 200 144 200 200 144 200 200 144 200 200 144 200 200
100 216 200 200 216 200 200 216 200 200 144 200 200 144 200 200 144 200 200
100 216 200 200 216 200 200 216 200 200 216 200 200 144 200 200 144 200 200
100 216 200 200 216 200 200 216 200 200 216 200 200 216 200 200 144 200 200
100 216 200 200 216 200 200 216 200 200 216 200 200 216 200 200 216 200 200
100 288 200 200 216 200 200 216 200 200 216 200 200 216 200 200 216 200 200
100 288 200 200 288 200 200 216 200 200 216 200 200 216 200 200 216 200 200
100 288 200 200 288 200 200 288 200 200 216 200 200 216 200 200 216 200 200
100 288 200 200 288 200 200 288 200 200 288 200 200 216 200 200 216 200 200
100 288 200 200 288 200 200 288 200 200 288 200 200 288 200 200 216 200 200
100 288 200 200 288 200 200 288 200 200 288 200 200 288 200 200 288 200 200
100 360 200 200 288 200 200 288 200 200 288 200 200 288 200 200 288 200 200
100 360 200 200 360 200 200 288 200 200 288 200 200 288 200 200 288 200 200
100 360 200 200 360 200 200 360 200 200 288 200 200 288 200 200 288 200 200
100 360 200 200 360 200 200 360 200 200 360 200 200 288 200 200 288 200 200
100 360 200 200 360 200 200 360 200 200 360 200 200 360 200 200 288 200 200
100 360 200 200 360 200 200 360 200 200 360 200 200 360 200 200 360 200 200
100 0 200 200 360 200 200 360 200 200 360 200 200 360 200 200 360 200 200
100 0 200 200 0 200 200 360 200 200 360 200 200 360 200 200 360 200 200
100 0 200 200 0 200 200 0 200 200 360 200 200 360 200 200 360 200 200
100 0 200 200 0 200 200 0 200 200 0 200 200 360 200 200 360 200 200
100 0 200 200 0 200 200 0 200 200 0 200 200 0 200 200 360 200 200