100 0 200 200 0 200 200 0 200 200 0 200 200 0 200 200 0 200 200
100 32 200 200 0 200 200 0 200 200 0 200 200 0 200 200 0 200 200
100 32 200 200 32 200 200 0 200 200 0 200 200 0 200 200 0 200 200
100 32 200 200 32 200 200 32 200 200 0 200 200 0 200 200 0 200 200
100 32 200 200 32 200 200 32 200 200 32 200 200 0 200 200 0 200 200
100 32 200 200 32 200 200 32 200 200 32 200 200 32 200 200 0 200 200
100 32 200 200 32 200 200 32 200 200 32 200 200 32 200 200 32 200 200
100 64 200 200 32 200 200 32 200 200 32 200 200 32 200 200 32 200 200
100 64 200 200 64 200 200 32 200 200 32 200 200 32 200 200 32 200 200
100 64 200 200 64 200 200 64 200 200 32 200 200 32 200 200 32 200 200
100 64 200 200 64 200 200 64 200 200 64 200 200 32 200 200 32 200 200
100 64 200 200 64 200 200 64 200 200 64 200 200 64 200 200 32 200 200
100 64 200 200 64 200 200 64 200 200 64 200 200 64 200 200 64 200 200
100 96 200 200 64 200 200 64 200 200 64 200 200 64 200 200 64 200 200
100 96 200 200 96 200 200 64 200 200 64 200 200 64 200 200 64 200 200
100 96 200 200 96 200 200 96 200 200 64 200 200 64 200 200 64 200 200
100 96 200 200 96 200 200 96 200 200 96 200 200 64 200 200 64 200 200
100 96 200 200 96 200 200 96 200 200 96 200 200 96 200 200 64 200 200
100 96 200 200 96 200 200 96 200 200 96 200 200 96 200 200 96 200 200
100 128 200 200 96 200 200 96 200 200 96 200 200 96 200 200 96 200 200
100 128 200 200 128 200 200 96 200 200 96 200 200 96 200 200 96 200 200
100 128 200 200 128 200 200 128 200 200 96 200 200 96 200 200 96 200 200
100 128 200 200 128 200 200 128 200 200 128 200 200 96 200 200 96 200 200
100 128 200 200 128 200 200 128 200 200 128 200 200 128 200 200 96 200 200
100 128 200 200 128 200 200 128 200 200 128 200 200 128 200 200 128 200 200
100 160 200 200 128 200 200 128 200 200 128 200 200 128 200 200 128 200 200
100 160 200 200 160 200 200 128 200 200 128 200 200 128 200 200 128 200 200
100 160 200 200 160 200 200 160 200 200 128 200 200 128 200 200 128 200 200
100 160 200 200 160 200 200 160 200 200 160 200 200 128 200 200 128 200 200
100 160 200 200 160 200 200 160 200 200 160 200 200 160 200 200 128 200 200
100 160 200 200 160 200 200 160 200 200 160 200 200 160 200 200 160 200 200
100 192 200 200 160 200 200 160 200 200 160 200 200 160 200 200 160 200 200
100 192 200 200 192 200 200 160 200 200 160 200 200 160 200 200 160 200 200
100 192 200 200 192 200 200 192 200 200 160 200 200 160 200 200 160 200 200
100 192 200 200 192 200 200 192 200 200 192 200 200 160 200 200 160 200 200
100 192 200 200 192 200 200 192 200 200 192 200 200 192 200 200 160 200 200
100 192 200 200 192 200 200 192 200 200 192 200 200 192 200 200 192 200 200
100 224 200 200 192 200 200 192 200 200 192 200 200 192 200 200 192 200 200
100 224 200 200 224 200 200 192 200 200 192 200 200 192 200 200 192 200 200
100 224 200 200 224 200 200 224 200 200 192 200 200 192 200 200 192 200 200
100 224 200 200 224 200 200 224 200 200 224 200 200 192 200 200 192 200 200
100 224 200 200 224 200 200 224 200 200 224 200 200 224 200 200 192 200 200
100 224 200 200 224 200 200 224 200 200 224 200 200 224 200 200 224 200 200
100 0 200 200 224 200 200 224 200 200 224 200 200 224 200 200 224 200 200
100 0 200 200 0 200 200 224 200 200 224 200 200 224 200 200 224 200 200
100 0 200 200 0 200 200 0 200 200 224 200 200 224 200 200 224 200 200
100 0 200 200 0 200 200 0 200 200 0 200 200 224 200 200 224 200 200
100 0 200 200 0 200 200 0 200 200 0 200 200 0 200 200 224 200 200
