7 000 200 200 000 200 200 000 200 200 000 200 200 000 200 200 080 200 200
7 000 200 200 080 200 200 080 200 200 080 200 200 080 200 200 080 200 200
7 000 200 200 160 200 200 160 200 200 160 200 200 160 200 200 080 200 200

7 000 200 200 000 200 200 000 200 200 000 200 200 000 200 200 080 200 200
7 000 200 200 080 200 200 080 200 200 080 200 200 080 200 200 080 200 200
7 000 200 200 160 200 200 160 200 200 160 200 200 160 200 200 080 200 200

7 000 200 200 000 200 200 000 200 200 000 200 200 000 200 200 080 200 200
7 000 200 200 080 200 200 080 200 200 080 200 200 080 200 200 080 200 200
7 000 200 200 160 200 200 160 200 200 160 200 200 160 200 200 080 200 200

7 000 200 200 000 200 200 000 200 200 000 200 200 000 200 200 080 200 200
7 000 200 200 080 200 200 080 200 200 080 200 200 080 200 200 080 200 200
7 000 200 200 160 200 200 160 200 200 160 200 200 160 200 200 080 200 200

#########################################################################

7 000 200 200 000 200 200 000 200 200 000 200 200 080 200 200 000 200 200
7 080 200 200 000 200 200 080 200 200 080 200 200 080 200 200 080 200 200
7 160 200 200 000 200 200 160 200 200 160 200 200 080 200 200 160 200 200

7 000 200 200 000 200 200 000 200 200 000 200 200 080 200 200 000 200 200
7 080 200 200 000 200 200 080 200 200 080 200 200 080 200 200 080 200 200
7 160 200 200 000 200 200 160 200 200 160 200 200 080 200 200 160 200 200

7 000 200 200 000 200 200 000 200 200 000 200 200 080 200 200 000 200 200
7 080 200 200 000 200 200 080 200 200 080 200 200 080 200 200 080 200 200
7 160 200 200 000 200 200 160 200 200 160 200 200 080 200 200 160 200 200

7 000 200 200 000 200 200 000 200 200 000 200 200 080 200 200 000 200 200
7 080 200 200 000 200 200 080 200 200 080 200 200 080 200 200 080 200 200
7 160 200 200 000 200 200 160 200 200 160 200 200 080 200 200 160 200 200

#########################################################################

7 000 200 200 000 200 200 000 200 200 080 200 200 000 200 200 000 200 200
7 080 200 200 080 200 200 000 200 200 080 200 200 080 200 200 080 200 200
7 160 200 200 160 200 200 000 200 200 080 200 200 160 200 200 160 200 200

7 000 200 200 000 200 200 000 200 200 080 200 200 000 200 200 000 200 200
7 080 200 200 080 200 200 000 200 200 080 200 200 080 200 200 080 200 200
7 160 200 200 160 200 200 000 200 200 080 200 200 160 200 200 160 200 200

7 000 200 200 000 200 200 000 200 200 080 200 200 000 200 200 000 200 200
7 080 200 200 080 200 200 000 200 200 080 200 200 080 200 200 080 200 200
7 160 200 200 160 200 200 000 200 200 080 200 200 160 200 200 160 200 200

7 000 200 200 000 200 200 000 200 200 080 200 200 000 200 200 000 200 200
7 080 200 200 080 200 200 000 200 200 080 200 200 080 200 200 080 200 200
7 160 200 200 160 200 200 000 200 200 080 200 200 160 200 200 160 200 200

#########################################################################

7 000 200 200 000 200 200 080 200 200 000 200 200 000 200 200 000 200 200
7 080 200 200 080 200 200 080 200 200 000 200 200 080 200 200 080 200 200
7 160 200 200 160 200 200 080 200 200 000 200 200 160 200 200 160 200 200

7 000 200 200 000 200 200 080 200 200 000 200 200 000 200 200 000 200 200
7 080 200 200 080 200 200 080 200 200 000 200 200 080 200 200 080 200 200
7 160 200 200 160 200 200 080 200 200 000 200 200 160 200 200 160 200 200

7 000 200 200 000 200 200 080 200 200 000 200 200 000 200 200 000 200 200
7 080 200 200 080 200 200 080 200 200 000 200 200 080 200 200 080 200 200
7 160 200 200 160 200 200 080 200 200 000 200 200 160 200 200 160 200 200

7 000 200 200 000 200 200 080 200 200 000 200 200 000 200 200 000 200 200
7 080 200 200 080 200 200 080 200 200 000 200 200 080 200 200 080 200 200
7 160 200 200 160 200 200 080 200 200 000 200 200 160 200 200 160 200 200

#########################################################################

7 000 200 200 080 200 200 000 200 200 000 200 200 000 200 200 000 200 200
7 080 200 200 080 200 200 080 200 200 080 200 200 000 200 200 080 200 200
7 160 200 200 080 200 200 160 200 200 160 200 200 000 200 200 160 200 200

7 000 200 200 080 200 200 000 200 200 000 200 200 000 200 200 000 200 200
7 080 200 200 080 200 200 080 200 200 080 200 200 000 200 200 080 200 200
7 160 200 200 080 200 200 160 200 200 160 200 200 000 200 200 160 200 200

7 000 200 200 080 200 200 000 200 200 000 200 200 000 200 200 000 200 200
7 080 200 200 080 200 200 080 200 200 080 200 200 000 200 200 080 200 200
7 160 200 200 080 200 200 160 200 200 160 200 200 000 200 200 160 200 200

7 000 200 200 080 200 200 000 200 200 000 200 200 000 200 200 000 200 200
7 080 200 200 080 200 200 080 200 200 080 200 200 000 200 200 080 200 200
7 160 200 200 080 200 200 160 200 200 160 200 200 000 200 200 160 200 200

#########################################################################

7 080 200 200 000 200 200 000 200 200 000 200 200 000 200 200 000 200 200
7 080 200 200 080 200 200 080 200 200 080 200 200 080 200 200 000 200 200
7 080 200 200 160 200 200 160 200 200 160 200 200 160 200 200 000 200 200

7 080 200 200 000 200 200 000 200 200 000 200 200 000 200 200 000 200 200
7 080 200 200 080 200 200 080 200 200 080 200 200 080 200 200 000 200 200
7 080 200 200 160 200 200 160 200 200 160 200 200 160 200 200 000 200 200

7 080 200 200 000 200 200 000 200 200 000 200 200 000 200 200 000 200 200
7 080 200 200 080 200 200 080 200 200 080 200 200 080 200 200 000 200 200
7 080 200 200 160 200 200 160 200 200 160 200 200 160 200 200 000 200 200

7 080 200 200 000 200 200 000 200 200 000 200 200 000 200 200 000 200 200
7 080 200 200 080 200 200 080 200 200 080 200 200 080 200 200 000 200 200
7 080 200 200 160 200 200 160 200 200 160 200 200 160 200 200 000 200 200
