5 000 200 100 000 200 100 000 200 100 000 200 100 000 200 100 000 200 100
5 080 200 100 080 200 100 080 200 100 080 200 100 080 200 100 080 200 100
5 160 200 100 160 200 100 160 200 100 160 200 100 160 200 100 160 200 100
5 000 200 100 000 200 100 000 200 100 000 200 100 000 200 100 000 200 100
5 080 200 100 080 200 100 080 200 100 080 200 100 080 200 100 080 200 100
5 160 200 100 160 200 100 160 200 100 160 200 100 160 200 100 160 200 100
5 000 200 100 000 200 100 000 200 100 000 200 100 000 200 100 000 200 100
5 080 200 100 080 200 100 080 200 100 080 200 100 080 200 100 080 200 100
5 160 200 100 160 200 100 160 200 100 160 200 100 160 200 100 160 200 100
5 000 200 100 000 200 100 000 200 100 000 200 100 000 200 100 000 200 100
5 080 200 100 080 200 100 080 200 100 080 200 100 080 200 100 080 200 100
5 160 200 100 160 200 100 160 200 100 160 200 100 160 200 100 160 200 100
5 000 200 100 000 200 100 000 200 100 000 200 100 000 200 100 000 200 100
5 080 200 100 080 200 100 080 200 100 080 200 100 080 200 100 080 200 100
5 160 200 100 160 200 100 160 200 100 160 200 100 160 200 100 160 200 100
5 000 200 100 000 200 100 000 200 100 000 200 100 000 200 100 000 200 100
5 080 200 100 080 200 100 080 200 100 080 200 100 080 200 100 080 200 100
5 160 200 100 160 200 100 160 200 100 160 200 100 160 200 100 160 200 100
5 000 200 100 000 200 100 000 200 100 000 200 100 000 200 100 000 200 100
5 080 200 100 080 200 100 080 200 100 080 200 100 080 200 100 080 200 100
5 160 200 100 160 200 100 160 200 100 160 200 100 160 200 100 160 200 100
5 000 200 100 000 200 100 000 200 100 000 200 100 000 200 100 000 200 100
5 080 200 100 080 200 100 080 200 100 080 200 100 080 200 100 080 200 100
5 160 200 100 160 200 100 160 200 100 160 200 100 160 200 100 160 200 100
5 000 200 100 000 200 100 000 200 100 000 200 100 000 200 100 000 200 100
5 080 200 100 080 200 100 080 200 100 080 200 100 080 200 100 080 200 100
5 160 200 100 160 200 100 160 200 100 160 200 100 160 200 100 160 200 100
5 000 200 100 000 200 100 000 200 100 000 200 100 000 200 100 000 200 100
5 080 200 100 080 200 100 080 200 100 080 200 100 080 200 100 080 200 100
5 160 200 100 160 200 100 160 200 100 160 200 100 160 200 100 160 200 100
