50 0 20 50 0 0 0 0 0 0 0 0 0 0 0 0 0 0 0
50 0 0 0 0 20 50 0 0 0 0 0 0 0 0 0 0 0 0
50 0 0 0 0 0 0 0 20 50 0 0 0 0 0 0 0 0 0
50 0 0 0 0 0 0 0 0 0 0 20 50 0 0 0 0 0 0
50 0 0 0 0 0 0 0 0 0 0 0 0 0 20 50 0 0 0
50 0 0 0 0 0 0 0 0 0 0 0 0 0 0 0 0 20 50
500 0 20 50 0 0 0 0 0 0 0 0 0 0 0 0 0 0 0
50 0 0 0 0 20 50 0 0 0 0 0 0 0 0 0 0 0 0
50 0 0 0 0 0 0 0 20 50 0 0 0 0 0 0 0 0 0
50 0 0 0 0 0 0 0 0 0 0 20 50 0 0 0 0 0 0
50 0 0 0 0 0 0 0 0 0 0 0 0 0 20 50 0 0 0
50 0 0 0 0 0 0 0 0 0 0 0 0 0 0 0 0 20 50
50 0 20 50 0 0 0 0 0 0 0 0 0 0 0 0 0 0 0
500 0 0 0 0 20 50 0 0 0 0 0 0 0 0 0 0 0 0
50 0 0 0 0 0 0 0 20 50 0 0 0 0 0 0 0 0 0
50 0 0 0 0 0 0 0 0 0 0 20 50 0 0 0 0 0 0
50 0 0 0 0 0 0 0 0 0 0 0 0 0 20 50 0 0 0
50 0 0 0 0 0 0 0 0 0 0 0 0 0 0 0 0 20 50
50 0 20 50 0 0 0 0 0 0 0 0 0 0 0 0 0 0 0
50 0 0 0 0 20 50 0 0 0 0 0 0 0 0 0 0 0 0
500 0 0 0 0 0 0 0 20 50 0 0 0 0 0 0 0 0 0
50 0 0 0 0 0 0 0 0 0 0 20 50 0 0 0 0 0 0
50 0 0 0 0 0 0 0 0 0 0 0 0 0 20 50 0 0 0
50 0 0 0 0 0 0 0 0 0 0 0 0 0 0 0 0 20 50
50 0 20 50 0 0 0 0 0 0 0 0 0 0 0 0 0 0 0
50 0 0 0 0 20 50 0 0 0 0 0 0 0 0 0 0 0 0
50 0 0 0 0 0 0 0 20 50 0 0 0 0 0 0 0 0 0
500 0 0 0 0 0 0 0 0 0 0 20 50 0 0 0 0 0 0
50 0 0 0 0 0 0 0 0 0 0 0 0 0 20 50 0 0 0
50 0 0 0 0 0 0 0 0 0 0 0 0 0 0 0 0 20 50
50 0 20 50 0 0 0 0 0 0 0 0 0 0 0 0 0 0 0
50 0 0 0 0 20 50 0 0 0 0 0 0 0 0 0 0 0 0
50 0 0 0 0 0 0 0 20 50 0 0 0 0 0 0 0 0 0
50 0 0 0 0 0 0 0 0 0 0 20 50 0 0 0 0 0 0
500 0 0 0 0 0 0 0 0 0 0 0 0 0 20 50 0 0 0
50 0 0 0 0 0 0 0 0 0 0 0 0 0 0 0 0 20 50
50 0 20 50 0 0 0 0 0 0 0 0 0 0 0 0 0 0 0
50 0 0 0 0 20 50 0 0 0 0 0 0 0 0 0 0 0 0
50 0 0 0 0 0 0 0 20 50 0 0 0 0 0 0 0 0 0
50 0 0 0 0 0 0 0 0 0 0 20 50 0 0 0 0 0 0
50 0 0 0 0 0 0 0 0 0 0 0 0 0 20 50 0 0 0
500 0 0 0 0 0 0 0 0 0 0 0 0 0 0 0 0 20 50
