25 26 254 50 26 254 50 26 254 50 26 254 50 26 254 50 26 254 50
25 26 254 52 26 254 52 26 254 52 26 254 52 26 254 52 26 254 52
25 26 254 54 26 254 54 26 254 54 26 254 54 26 254 54 26 254 54
25 26 254 56 26 254 56 26 254 56 26 254 56 26 254 56 26 254 56
25 26 254 58 26 254 58 26 254 58 26 254 58 26 254 58 26 254 58
25 26 254 60 26 254 60 26 254 60 26 254 60 26 254 60 26 254 60
25 26 254 62 26 254 62 26 254 62 26 254 62 26 254 62 26 254 62
25 26 254 64 26 254 64 26 254 64 26 254 64 26 254 64 26 254 64
25 26 254 66 26 254 66 26 254 66 26 254 66 26 254 66 26 254 66
25 26 254 68 26 254 68 26 254 68 26 254 68 26 254 68 26 254 68
25 26 254 70 26 254 70 26 254 70 26 254 70 26 254 70 26 254 70
25 26 254 72 26 254 72 26 254 72 26 254 72 26 254 72 26 254 72
25 26 254 74 26 254 74 26 254 74 26 254 74 26 254 74 26 254 74
25 26 254 76 26 254 76 26 254 76 26 254 76 26 254 76 26 254 76
25 26 254 78 26 254 78 26 254 78 26 254 78 26 254 78 26 254 78
25 26 254 80 26 254 80 26 254 80 26 254 80 26 254 80 26 254 80
25 26 254 82 26 254 82 26 254 82 26 254 82 26 254 82 26 254 82
25 26 254 84 26 254 84 26 254 84 26 254 84 26 254 84 26 254 84
25 26 254 86 26 254 86 26 254 86 26 254 86 26 254 86 26 254 86
25 26 254 88 26 254 88 26 254 88 26 254 88 26 254 88 26 254 88
25 26 254 90 26 254 90 26 254 90 26 254 90 26 254 90 26 254 90
25 26 254 92 26 254 92 26 254 92 26 254 92 26 254 92 26 254 92
25 26 254 94 26 254 94 26 254 94 26 254 94 26 254 94 26 254 94
25 26 254 96 26 254 96 26 254 96 26 254 96 26 254 96 26 254 96
25 26 254 98 26 254 98 26 254 98 26 254 98 26 254 98 26 254 98
25 26 254 100 26 254 100 26 254 100 26 254 100 26 254 100 26 254 100
25 26 254 102 26 254 102 26 254 102 26 254 102 26 254 102 26 254 102
25 26 254 104 26 254 104 26 254 104 26 254 104 26 254 104 26 254 104
25 26 254 106 26 254 106 26 254 106 26 254 106 26 254 106 26 254 106
25 26 254 108 26 254 108 26 254 108 26 254 108 26 254 108 26 254 108
25 26 254 110 26 254 110 26 254 110 26 254 110 26 254 110 26 254 110
25 26 254 112 26 254 112 26 254 112 26 254 112 26 254 112 26 254 112
25 26 254 114 26 254 114 26 254 114 26 254 114 26 254 114 26 254 114
25 26 254 116 26 254 116 26 254 116 26 254 116 26 254 116 26 254 116
25 26 254 118 26 254 118 26 254 118 26 254 118 26 254 118 26 254 118
25 26 254 120 26 254 120 26 254 120 26 254 120 26 254 120 26 254 120
25 26 254 122 26 254 122 26 254 122 26 254 122 26 254 122 26 254 122
25 26 254 124 26 254 124 26 254 124 26 254 124 26 254 124 26 254 124
25 26 254 126 26 254 126 26 254 126 26 254 126 26 254 126 26 254 126
25 26 254 128 26 254 128 26 254 128 26 254 128 26 254 128 26 254 128
25 26 254 130 26 254 130 26 254 130 26 254 130 26 254 130 26 254 130
25 26 254 132 26 254 132 26 254 132 26 254 132 26 254 132 26 254 132
25 26 254 134 26 254 134 26 254 134 26 254 134 26 254 134 26 254 134
25 26 254 136 26 254 136 26 254 136 26 254 136 26 254 136 26 254 136
25 26 254 138 26 254 138 26 254 138 26 254 138 26 254 138 26 254 138
25 26 254 140 26 254 140 26 254 140 26 254 140 26 254 140 26 254 140
25 26 254 142 26 254 142 26 254 142 26 254 142 26 254 142 26 254 142
25 26 254 144 26 254 144 26 254 144 26 254 144 26 254 144 26 254 144
25 26 254 146 26 254 146 26 254 146 26 254 146 26 254 146 26 254 146
25 26 254 148 26 254 148 26 254 148 26 254 148 26 254 148 26 254 148
25 26 254 150 26 254 150 26 254 150 26 254 150 26 254 150 26 254 150
25 26 254 152 26 254 152 26 254 152 26 254 152 26 254 152 26 254 152
25 26 254 154 26 254 154 26 254 154 26 254 154 26 254 154 26 254 154
25 26 254 156 26 254 156 26 254 156 26 254 156 26 254 156 26 254 156
25 26 254 158 26 254 158 26 254 158 26 254 158 26 254 158 26 254 158
25 26 254 160 26 254 160 26 254 160 26 254 160 26 254 160 26 254 160
25 26 254 162 26 254 162 26 254 162 26 254 162 26 254 162 26 254 162
25 26 254 164 26 254 164 26 254 164 26 254 164 26 254 164 26 254 164
25 26 254 166 26 254 166 26 254 166 26 254 166 26 254 166 26 254 166
25 26 254 168 26 254 168 26 254 168 26 254 168 26 254 168 26 254 168
25 26 254 170 26 254 170 26 254 170 26 254 170 26 254 170 26 254 170
25 26 254 172 26 254 172 26 254 172 26 254 172 26 254 172 26 254 172
25 26 254 174 26 254 174 26 254 174 26 254 174 26 254 174 26 254 174
25 26 254 176 26 254 176 26 254 176 26 254 176 26 254 176 26 254 176
25 26 254 178 26 254 178 26 254 178 26 254 178 26 254 178 26 254 178
25 26 254 180 26 254 180 26 254 180 26 254 180 26 254 180 26 254 180
25 26 254 182 26 254 182 26 254 182 26 254 182 26 254 182 26 254 182
25 26 254 184 26 254 184 26 254 184 26 254 184 26 254 184 26 254 184
25 26 254 186 26 254 186 26 254 186 26 254 186 26 254 186 26 254 186
25 26 254 188 26 254 188 26 254 188 26 254 188 26 254 188 26 254 188
25 26 254 190 26 254 190 26 254 190 26 254 190 26 254 190 26 254 190
25 26 254 192 26 254 192 26 254 192 26 254 192 26 254 192 26 254 192
25 26 254 194 26 254 194 26 254 194 26 254 194 26 254 194 26 254 194
25 26 254 196 26 254 196 26 254 196 26 254 196 26 254 196 26 254 196
25 26 254 198 26 254 198 26 254 198 26 254 198 26 254 198 26 254 198
25 26 254 200 26 254 200 26 254 200 26 254 200 26 254 200 26 254 200
25 26 254 200 26 254 200 26 254 200 26 254 200 26 254 200 26 254 200
25 26 254 198 26 254 198 26 254 198 26 254 198 26 254 198 26 254 198
25 26 254 196 26 254 196 26 254 196 26 254 196 26 254 196 26 254 196
25 26 254 194 26 254 194 26 254 194 26 254 194 26 254 194 26 254 194
25 26 254 192 26 254 192 26 254 192 26 254 192 26 254 192 26 254 192
25 26 254 190 26 254 190 26 254 190 26 254 190 26 254 190 26 254 190
25 26 254 188 26 254 188 26 254 188 26 254 188 26 254 188 26 254 188
25 26 254 186 26 254 186 26 254 186 26 254 186 26 254 186 26 254 186
25 26 254 184 26 254 184 26 254 184 26 254 184 26 254 184 26 254 184
25 26 254 182 26 254 182 26 254 182 26 254 182 26 254 182 26 254 182
25 26 254 180 26 254 180 26 254 180 26 254 180 26 254 180 26 254 180
25 26 254 178 26 254 178 26 254 178 26 254 178 26 254 178 26 254 178
25 26 254 176 26 254 176 26 254 176 26 254 176 26 254 176 26 254 176
25 26 254 174 26 254 174 26 254 174 26 254 174 26 254 174 26 254 174
25 26 254 172 26 254 172 26 254 172 26 254 172 26 254 172 26 254 172
25 26 254 170 26 254 170 26 254 170 26 254 170 26 254 170 26 254 170
25 26 254 168 26 254 168 26 254 168 26 254 168 26 254 168 26 254 168
25 26 254 166 26 254 166 26 254 166 26 254 166 26 254 166 26 254 166
25 26 254 164 26 254 164 26 254 164 26 254 164 26 254 164 26 254 164
25 26 254 162 26 254 162 26 254 162 26 254 162 26 254 162 26 254 162
25 26 254 160 26 254 160 26 254 160 26 254 160 26 254 160 26 254 160
25 26 254 158 26 254 158 26 254 158 26 254 158 26 254 158 26 254 158
25 26 254 156 26 254 156 26 254 156 26 254 156 26 254 156 26 254 156
25 26 254 154 26 254 154 26 254 154 26 254 154 26 254 154 26 254 154
25 26 254 152 26 254 152 26 254 152 26 254 152 26 254 152 26 254 152
25 26 254 150 26 254 150 26 254 150 26 254 150 26 254 150 26 254 150
25 26 254 148 26 254 148 26 254 148 26 254 148 26 254 148 26 254 148
25 26 254 146 26 254 146 26 254 146 26 254 146 26 254 146 26 254 146
25 26 254 144 26 254 144 26 254 144 26 254 144 26 254 144 26 254 144
25 26 254 142 26 254 142 26 254 142 26 254 142 26 254 142 26 254 142
25 26 254 140 26 254 140 26 254 140 26 254 140 26 254 140 26 254 140
25 26 254 138 26 254 138 26 254 138 26 254 138 26 254 138 26 254 138
25 26 254 136 26 254 136 26 254 136 26 254 136 26 254 136 26 254 136
25 26 254 134 26 254 134 26 254 134 26 254 134 26 254 134 26 254 134
25 26 254 132 26 254 132 26 254 132 26 254 132 26 254 132 26 254 132
25 26 254 130 26 254 130 26 254 130 26 254 130 26 254 130 26 254 130
25 26 254 128 26 254 128 26 254 128 26 254 128 26 254 128 26 254 128
25 26 254 126 26 254 126 26 254 126 26 254 126 26 254 126 26 254 126
25 26 254 124 26 254 124 26 254 124 26 254 124 26 254 124 26 254 124
25 26 254 122 26 254 122 26 254 122 26 254 122 26 254 122 26 254 122
25 26 254 120 26 254 120 26 254 120 26 254 120 26 254 120 26 254 120
25 26 254 118 26 254 118 26 254 118 26 254 118 26 254 118 26 254 118
25 26 254 116 26 254 116 26 254 116 26 254 116 26 254 116 26 254 116
25 26 254 114 26 254 114 26 254 114 26 254 114 26 254 114 26 254 114
25 26 254 112 26 254 112 26 254 112 26 254 112 26 254 112 26 254 112
25 26 254 110 26 254 110 26 254 110 26 254 110 26 254 110 26 254 110
25 26 254 108 26 254 108 26 254 108 26 254 108 26 254 108 26 254 108
25 26 254 106 26 254 106 26 254 106 26 254 106 26 254 106 26 254 106
25 26 254 104 26 254 104 26 254 104 26 254 104 26 254 104 26 254 104
25 26 254 102 26 254 102 26 254 102 26 254 102 26 254 102 26 254 102
25 26 254 100 26 254 100 26 254 100 26 254 100 26 254 100 26 254 100
25 26 254 98 26 254 98 26 254 98 26 254 98 26 254 98 26 254 98
25 26 254 96 26 254 96 26 254 96 26 254 96 26 254 96 26 254 96
25 26 254 94 26 254 94 26 254 94 26 254 94 26 254 94 26 254 94
25 26 254 92 26 254 92 26 254 92 26 254 92 26 254 92 26 254 92
25 26 254 90 26 254 90 26 254 90 26 254 90 26 254 90 26 254 90
25 26 254 88 26 254 88 26 254 88 26 254 88 26 254 88 26 254 88
25 26 254 86 26 254 86 26 254 86 26 254 86 26 254 86 26 254 86
25 26 254 84 26 254 84 26 254 84 26 254 84 26 254 84 26 254 84
25 26 254 82 26 254 82 26 254 82 26 254 82 26 254 82 26 254 82
25 26 254 80 26 254 80 26 254 80 26 254 80 26 254 80 26 254 80
25 26 254 78 26 254 78 26 254 78 26 254 78 26 254 78 26 254 78
25 26 254 76 26 254 76 26 254 76 26 254 76 26 254 76 26 254 76
25 26 254 74 26 254 74 26 254 74 26 254 74 26 254 74 26 254 74
25 26 254 72 26 254 72 26 254 72 26 254 72 26 254 72 26 254 72
25 26 254 70 26 254 70 26 254 70 26 254 70 26 254 70 26 254 70
25 26 254 68 26 254 68 26 254 68 26 254 68 26 254 68 26 254 68
25 26 254 66 26 254 66 26 254 66 26 254 66 26 254 66 26 254 66
25 26 254 64 26 254 64 26 254 64 26 254 64 26 254 64 26 254 64
25 26 254 62 26 254 62 26 254 62 26 254 62 26 254 62 26 254 62
25 26 254 60 26 254 60 26 254 60 26 254 60 26 254 60 26 254 60
25 26 254 58 26 254 58 26 254 58 26 254 58 26 254 58 26 254 58
25 26 254 56 26 254 56 26 254 56 26 254 56 26 254 56 26 254 56
25 26 254 54 26 254 54 26 254 54 26 254 54 26 254 54 26 254 54
25 26 254 52 26 254 52 26 254 52 26 254 52 26 254 52 26 254 52
25 26 254 50 26 254 50 26 254 50 26 254 50 26 254 50 26 254 50
